     Mir     :  0.000695/0.006250 of arclength used no sigmas
     Mir     :  0.000695/0.006250 of arclength used no sigmas
